#3412
1 2 6 23 103 513 2761 15767 94359 586590 3763290 24792705 167078577 1148208090 8026793118 56963722223 
#3142
1 2 6 23 103 512 2740 15485 91245 555662 3475090 22214707 144640291 956560748 6411521056 43478151737 
#1324
1 2 6 23 103 513 2762 15793 94776 591950 3824112 25431452 173453058 1209639642 8604450011 62300851632 
#4123
1 2 6 23 103 513 2761 15767 94359 586590 3763290 24792705 167078577 1148208090 8026793118 56963722223 
#1423
1 2 6 23 103 512 2740 15485 91245 555662 3475090 22214707 144640291 956560748 6411521056 43478151737 
#1243
1 2 6 23 103 513 2761 15767 94359 586590 3763290 24792705 167078577 1148208090 8026793118 56963722223 
#1234
1 2 6 23 103 513 2761 15767 94359 586590 3763290 24792705 167078577 1148208090 8026793118 56963722223 
