#4321 1234
1 2 6 22 86 306 882 1764 1764 0 0 0 0 0 0 0 
#4231 1324
1 2 6 22 86 336 1282 4758 17234 61242 214594 744594 2566594 8809442 30157826 103082050 
#4231 1234
1 2 6 22 86 332 1217 4140 12934 37088 98115 241269 555881 1208988 2498732 4936275 
#2341 4123
1 2 6 22 87 348 1374 5335 20462 77988 296787 1130969 4321239 16559467 63633036 245113705 
#4213 1342
1 2 6 22 86 338 1318 5106 19718 76066 293398 1131794 4366374 16846018 64995254 250765298 
#2413 3142
1 2 6 22 90 394 1806 8558 41586 206098 1037718 5293446 27297738 142078746 745387038 3937603038 
#2143 3412
1 2 6 22 86 340 1340 5254 20518 79932 311028 1209916 4707964 18330728 71429176 278586182 
#2143 1324
1 2 6 22 88 366 1552 6652 28696 124310 540040 2350820 10248248 44725516 195354368 853829272 
#2143 1234
1 2 6 22 86 342 1366 5462 21846 87382 349526 1398102 5592406 22369622 89478486 357913942 
#2134 1432
1 2 6 22 86 338 1318 5110 19770 76466 295810 1144530 4428622 17136186 66306722 256565926 
#2134 1243
1 2 6 22 87 354 1459 6056 25252 105632 442916 1860498 7826120 32956964 138911074 585926818 
#4312 3412
1 2 6 22 90 394 1806 8558 41586 206098 1037718 5293446 27297738 142078746 745387038 3937603038 
#4312 1342
1 2 6 22 86 337 1299 4910 18228 66640 240550 859295 3043525 10705182 37441618 130351650 
#4312 1324
1 2 6 22 86 335 1266 4598 16016 53579 172663 537957 1626504 4789128 13777002 38833685 
#4312 1243
1 2 6 22 86 330 1206 4174 13726 43134 130302 380414 1078270 2978814 8046590 21311486 
#4312 1234
1 2 6 22 86 321 1085 3266 8797 21478 48206 100728 198046 369617 659505 1131656 
#3412 3142
1 2 6 22 90 395 1823 8741 43193 218704 1129944 5937728 31656472 170892498 932625326 5138618526 
#3412 4132
1 2 6 22 88 368 1584 6968 31192 141656 651136 3023840 14166496 66876096 317809216 1519163456 
#3412 1432
1 2 6 22 86 342 1366 5462 21846 87382 349526 1398102 5592406 22369622 89478486 357913942 
#3412 1324
1 2 6 22 86 335 1271 4680 16766 58656 201106 677767 2251011 7382992 23955716 77010180 
#3412 4123
1 2 6 22 89 381 1696 7781 36572 175277 853410 4209376 20988122 105611537 535638107 2735303546 
#3412 1423
1 2 6 22 88 366 1556 6720 29396 129996 580276 2611290 11834116 53963190 247414100 1139860150 
#3412 1243
1 2 6 22 86 337 1295 4854 17760 63594 223488 772841 2635733 8882042 29622114 97901974 
#3412 1234
1 2 6 22 86 333 1235 4339 14443 45770 138988 407134 1157576 3212157 8740499 23416169 
#3142 1342
1 2 6 22 90 394 1806 8558 41586 206098 1037718 5293446 27297738 142078746 745387038 3937603038 
#3142 1324
1 2 6 22 88 366 1552 6652 28696 124310 540040 2350820 10248248 44725516 195354368 853829272 
#3142 4123
1 2 6 22 88 368 1584 6968 31192 141656 651136 3023840 14166496 66876096 317809216 1519163456 
#3142 1423
1 2 6 22 89 379 1664 7460 33977 156727 730619 3436710 16291842 77758962 373369867 1802399037 
#3142 1243
1 2 6 22 88 367 1568 6810 29943 132958 595227 2683373 12170778 55499358 254297805 1170248190 
#3142 1234
1 2 6 22 86 338 1314 5046 19190 72482 272530 1021734 3823622 14293234 53394370 199382550 
#3124 1432
1 2 6 22 86 336 1290 4870 18164 67234 247786 911120 3346618 12286942 45104548 165573482 
#3124 1342
1 2 6 22 87 354 1459 6056 25252 105632 442916 1860498 7826120 32956964 138911074 585926818 
#3124 1423
1 2 6 22 88 366 1552 6652 28696 124310 540040 2350820 10248248 44725516 195354368 853829272 
#3124 1243
1 2 6 22 88 367 1571 6861 30468 137229 625573 2881230 13388094 62688448 295504025 1401195334 
#4132 1342
1 2 6 22 88 366 1552 6652 28696 124310 540040 2350820 10248248 44725516 195354368 853829272 
#4132 1324
1 2 6 22 88 363 1508 6255 25842 106327 435965 1782733 7275351 29648647 120707058 491113791 
#4132 1423
1 2 6 22 88 366 1552 6652 28696 124310 540040 2350820 10248248 44725516 195354368 853829272 
#4132 1243
1 2 6 22 88 363 1507 6241 25721 105485 430767 1752945 7113095 28797292 116368938 469531170 
#4132 1234
1 2 6 22 86 330 1198 4087 13185 40619 120636 348197 983073 2728722 7475575 20274288 
#1432 1324
1 2 6 22 89 380 1677 7566 34676 160808 752608 3548325 16830544 80234659 384132724 1845829988 
#1432 4123
1 2 6 22 86 342 1366 5462 21846 87382 349526 1398102 5592406 22369622 89478486 357913942 
#1432 1423
1 2 6 22 90 394 1806 8558 41586 206098 1037718 5293446 27297738 142078746 745387038 3937603038 
#1432 1243
1 2 6 22 89 382 1711 7922 37663 182936 904302 4535994 23034564 118209806 612165222 3195359360 
#1432 1234
1 2 6 22 86 342 1366 5462 21846 87382 349526 1398102 5592406 22369622 89478486 357913942 
#1342 4123
1 2 6 22 87 352 1434 5861 24019 98677 406291 1676009 6924618 28646875 118638038 491765865 
#1342 1423
1 2 6 22 90 394 1806 8558 41586 206098 1037718 5293446 27297738 142078746 745387038 3937603038 
#1324 4123
1 2 6 22 87 352 1428 5768 23156 92416 367007 1451780 5725959 22535868 88566290 347742688 
#1324 1423
1 2 6 22 90 394 1806 8558 41586 206098 1037718 5293446 27297738 142078746 745387038 3937603038 
#1324 1243
1 2 6 22 90 394 1806 8558 41586 206098 1037718 5293446 27297738 142078746 745387038 3937603038 
#1324 1234
1 2 6 22 90 396 1837 8864 44074 224352 1163724 6129840 32703074 176351644 959658200 5262988330 
#4123 1423
1 2 6 22 90 394 1806 8558 41586 206098 1037718 5293446 27297738 142078746 745387038 3937603038 
#4123 1243
1 2 6 22 88 365 1540 6568 28269 122752 537708 2375500 10579400 47469377 214454528 974870969 
#4123 1234
1 2 6 22 89 376 1611 6901 29375 123996 518971 2155145 8888348 36442184 148669894 603984658 
#1423 1243
1 2 6 22 90 394 1806 8558 41586 206098 1037718 5293446 27297738 142078746 745387038 3937603038 
#1423 1234
1 2 6 22 89 380 1678 7584 34875 162560 766124 3644066 17469863 84324840 409471090 1998933556 
#1243 1234
1 2 6 22 90 394 1806 8558 41586 206098 1037718 5293446 27297738 142078746 745387038 3937603038 
