#4321 3412 1234
1 2 6 21 69 162 240 199 73 0 0 0 0 0 0 0 
#4321 3142 1234
1 2 6 21 69 164 252 221 85 0 0 0 0 0 0 0 
#4321 1324 1234
1 2 6 21 73 215 484 669 334 0 0 0 0 0 0 0 
#4321 4123 1234
1 2 6 21 72 205 396 400 185 0 0 0 0 0 0 0 
#4321 1423 1234
1 2 6 21 72 198 367 359 147 0 0 0 0 0 0 0 
#4321 1243 1234
1 2 6 21 73 202 382 396 144 0 0 0 0 0 0 0 
#3421 4312 1234
1 2 6 21 70 177 333 538 792 1095 1447 1848 2298 2797 3345 3942 
#3214 1432 1234
1 2 6 21 70 204 560 1617 4796 14249 41939 122658 358991 1053628 3095381 9089525 
#4231 2341 4123
1 2 6 21 75 259 862 2808 9090 29489 96076 314011 1027749 3364559 11012071 36033146 
#4231 2143 1234
1 2 6 21 69 190 446 927 1745 3036 4960 7701 11467 16490 23026 31355 
#4231 2134 1243
1 2 6 21 70 205 536 1264 2722 5424 10122 17871 30102 48703 76108 115394 
#4231 4312 1234
1 2 6 21 73 228 616 1460 3110 6082 11102 19155 31539 49924 76416 113626 
#4231 3412 1324
1 2 6 21 71 218 614 1619 4065 9840 23168 53393 120995 270518 598218 1310943 
#4231 3412 1234
1 2 6 21 71 212 554 1289 2725 5326 9758 16941 28107 44864 69266 103889 
#4231 3142 1324
1 2 6 21 73 242 762 2290 6610 18434 49922 131842 340738 864258 2156546 5304322 
#4231 3142 1234
1 2 6 21 71 217 599 1514 3550 7801 16193 31956 60282 109214 190816 322679 
#4231 4132 1234
1 2 6 21 73 232 654 1639 3705 7678 14798 26841 46257 76324 121318 186699 
#4231 1432 1234
1 2 6 21 70 200 481 1004 1886 3270 5325 8246 12254 17596 24545 33400 
#4231 1324 4123
1 2 6 21 73 239 736 2158 6102 16813 45493 121567 322108 848654 2227722 5834253 
#4231 1324 1423
1 2 6 21 75 260 864 2756 8485 25365 74021 211814 596506 1658102 4560087 12431775 
#4231 1324 1243
1 2 6 21 73 238 721 2044 5492 14178 35610 87938 215295 525787 1286294 3160692 
#4231 1324 1234
1 2 6 21 73 238 714 1962 4957 11604 25390 52361 102533 191868 344970 598682 
#4231 4123 1234
1 2 6 21 75 253 774 2130 5314 12169 25895 51756 98034 177282 307933 516327 
#4231 1423 1234
1 2 6 21 74 245 744 2068 5296 12608 28150 59412 119341 229477 424478 758491 
#4231 1243 1234
1 2 6 21 73 237 702 1881 4577 10216 21158 41097 75561 132523 223134 362589 
#2431 4213 1324
1 2 6 21 74 251 817 2570 7872 23621 69746 203317 586561 1677746 4764474 13447701 
#2431 4213 1234
1 2 6 21 70 192 441 929 1870 3670 7097 13600 25907 49142 92911 175190 
#2431 4312 1324
1 2 6 21 73 239 734 2131 5900 15697 40389 101047 246915 591507 1393504 3236723 
#2431 4312 1234
1 2 6 21 71 200 465 929 1667 2766 4325 6455 9279 12932 17561 23325 
#2431 4132 1324
1 2 6 21 75 267 951 3407 12309 44867 164891 610347 2273020 8508804 31991549 120734511 
#2431 4132 1234
1 2 6 21 71 209 545 1348 3270 7908 19201 46918 115407 285642 711031 1779289 
#2341 2143 4123
1 2 6 21 70 212 597 1610 4248 11107 28966 75552 197251 515476 1348060 3527067 
#2341 4312 1324
1 2 6 21 70 203 517 1187 2504 4921 9107 16009 26922 43567 68177 103591 
#2341 4312 4123
1 2 6 21 73 241 766 2399 7514 23648 74706 236352 747770 2364773 7475960 23631523 
#2341 4312 1234
1 2 6 21 72 216 555 1252 2549 4787 8428 14079 22518 34722 51897 75510 
#2341 3412 4123
1 2 6 21 76 273 964 3356 11587 39866 137055 471326 1621698 5581897 19216642 66160957 
#2341 3142 4123
1 2 6 21 74 253 843 2772 9080 29759 97686 321033 1055596 3471365 11415280 37535830 
#2341 4132 1324
1 2 6 21 72 229 686 1972 5514 15131 40986 110013 293376 778678 2059646 5434009 
#2341 4132 4123
1 2 6 21 74 249 804 2540 7977 25106 79327 251328 797094 2527977 8014590 25401277 
#2341 4132 1234
1 2 6 21 72 221 605 1517 3574 8065 17671 37953 80424 168885 352481 732581 
#2341 1432 4123
1 2 6 21 70 212 611 1712 4712 12815 34576 92764 247819 659840 1752170 4642567 
#2341 1324 4123
1 2 6 21 72 230 701 2113 6475 20468 66969 226027 782276 2760094 9880455 35758457 
#2341 4123 1423
1 2 6 21 75 262 895 3022 10188 34524 118030 407754 1423886 5023900 17895739 64296859 
#2341 4123 1243
1 2 6 21 74 249 804 2551 8139 26500 88531 303112 1059129 3759584 13505901 48965424 
#2341 4123 1234
1 2 6 21 76 270 929 3118 10354 34472 116097 397167 1380884 4872188 17405889 62819962 
#2314 4213 1432
1 2 6 21 72 228 670 1864 5000 13099 33789 86239 218432 550107 1379348 3446817 
#2314 4312 1432
1 2 6 21 71 213 569 1389 3175 6927 14632 30238 61596 124335 249598 499492 
#2314 4312 1342
1 2 6 21 71 219 626 1698 4452 11428 28966 72907 182915 458590 1150877 2894324 
#2314 3124 1432
1 2 6 21 73 240 759 2365 7369 23069 72495 228186 718341 2260566 7111650 22370236 
#2314 4132 1432
1 2 6 21 73 239 738 2178 6220 17351 47595 128985 346492 924788 2456502 6502017 
#2314 4132 1342
1 2 6 21 73 241 757 2288 6724 19365 54959 154303 429733 1189430 3276306 8990037 
#2314 1432 4123
1 2 6 21 70 210 589 1592 4218 11069 28932 75528 197165 514920 1345484 3517427 
#2314 1342 4123
1 2 6 21 73 243 785 2511 8073 26312 87257 294603 1011602 3526519 12456315 44495535 
#4213 2134 1432
1 2 6 21 72 229 683 1954 5452 14974 40671 109509 292743 777810 2055833 5409187 
#4213 2134 1342
1 2 6 21 73 244 787 2468 7570 22809 67727 198664 576775 1659914 4741254 13454541 
#4213 3412 1342
1 2 6 21 73 244 794 2553 8179 26192 83906 268883 861815 2762484 8855204 28385839 
#4213 3142 1342
1 2 6 21 76 275 991 3563 12800 45976 165141 593184 2130737 7653715 27492557 98754742 
#4213 3124 1432
1 2 6 21 72 232 712 2116 6155 17629 49893 139851 388899 1074280 2950885 8066698 
#4213 3124 1342
1 2 6 21 72 236 745 2286 6866 20285 59156 170712 488401 1387226 3916062 10996581 
#4213 4132 1324
1 2 6 21 76 270 927 3074 9886 30985 95064 286558 851203 2497550 7252494 20874861 
#4213 4132 1234
1 2 6 21 73 231 650 1668 3987 9030 19628 41333 84915 171087 339408 665004 
#4213 1432 1324
1 2 6 21 74 249 797 2451 7318 21380 61449 174378 489827 1364499 3774779 10381722 
#4213 1432 1234
1 2 6 21 70 199 502 1232 2962 6970 16138 36982 84083 189918 426722 954884 
#4213 1342 1324
1 2 6 21 75 261 877 2852 9020 27877 84533 252331 743389 2166062 6252642 17905365 
#4213 1342 4123
1 2 6 21 74 256 880 3025 10406 35805 123197 423881 1458425 5017929 17264954 59402739 
#4213 1342 1423
1 2 6 21 75 265 929 3249 11362 39746 139060 486549 1702349 5956172 20839367 72912441 
#4213 1342 1243
1 2 6 21 73 240 754 2309 6987 21036 63202 189723 569311 1708100 5124492 15373695 
#4213 1342 1234
1 2 6 21 72 228 678 1929 5307 14203 37133 95179 239942 596587 1466529 3571386 
#2413 4312 1342
1 2 6 21 74 253 840 2728 8719 27541 86221 268047 828661 2550116 7818174 23893803 
#2413 3412 3142
1 2 6 21 79 311 1265 5275 22431 96900 424068 1876143 8377299 37704042 170870106 779058843 
#2413 3142 1324
1 2 6 21 77 287 1079 4082 15522 59280 227240 873886 3370030 13027730 50469890 195892565 
#2413 3142 4123
1 2 6 21 77 290 1118 4398 17595 71385 293042 1215035 5081259 21408350 90786332 387212538 
#2413 3142 1423
1 2 6 21 79 310 1251 5151 21536 91137 389510 1678565 7284975 31811311 139661231 616097345 
#2413 3142 1243
1 2 6 21 77 288 1093 4202 16341 64187 254313 1015163 4078777 16481961 66940960 273115842 
#2413 3142 1234
1 2 6 21 73 243 785 2504 7968 25389 81033 258873 827263 2643616 8447300 26990489 
#2413 3124 1432
1 2 6 21 74 253 845 2791 9188 30246 99639 328422 1082797 3570197 11771589 38812310 
#2413 3124 1342
1 2 6 21 76 274 977 3449 12086 42141 146469 508098 1760610 6096937 21106816 73058238 
#2413 4132 1342
1 2 6 21 77 286 1069 4018 15182 57636 219701 840422 3224664 12405795 47838633 184854955 
#2413 4132 1324
1 2 6 21 76 275 989 3539 12631 45066 161021 576887 2074166 7488003 27150233 98878251 
#2413 4132 1234
1 2 6 21 72 230 689 1970 5460 14833 39790 105890 280367 739878 1948186 5121973 
#2413 1342 4123
1 2 6 21 75 266 939 3311 11676 41183 145273 512466 1807791 6377231 22496580 79359907 
#2143 2134 1432
1 2 6 21 76 273 971 3439 12172 43098 152649 540730 1915445 6785029 24034177 85134498 
#2143 2134 1243
1 2 6 21 77 286 1066 3977 14841 55386 206702 771421 2878981 10744502 40099026 149651601 
#2143 4312 1324
1 2 6 21 71 218 610 1585 3895 9186 21022 47061 103663 225618 486626 1042305 
#2143 4312 1234
1 2 6 21 69 181 375 651 1009 1449 1971 2575 3261 4029 4879 5811 
#2143 3412 3142
1 2 6 21 77 286 1066 3978 14858 55556 208012 780045 2930085 11025510 41560770 156938430 
#2143 3412 1324
1 2 6 21 71 222 648 1797 4807 12548 32236 82009 207529 524060 1323540 3348087 
#2143 3412 4123
1 2 6 21 72 232 707 2066 5858 16257 44428 120076 321919 857942 2276454 6020541 
#2143 3412 1423
1 2 6 21 73 244 790 2505 7839 24320 74998 230243 704359 2148620 6538740 19859175 
#2143 3412 1243
1 2 6 21 73 245 797 2530 7878 24153 73109 218929 649609 1912298 5590446 16243437 
#2143 3412 1234
1 2 6 21 69 194 470 1009 1969 3562 6062 9813 15237 22842 33230 47105 
#2143 3142 1324
1 2 6 21 77 287 1079 4082 15522 59280 227240 873886 3370030 13027730 50469890 195892565 
#2143 3142 1423
1 2 6 21 77 288 1093 4203 16359 64377 255857 1025889 4145966 16873475 69105368 284618324 
#2143 3142 1234
1 2 6 21 73 247 821 2704 8868 29030 94960 310531 1015359 3319829 10854379 35488838 
#2143 3124 1432
1 2 6 21 74 253 845 2791 9188 30246 99639 328422 1082797 3570197 11771589 38812310 
#2143 3124 1342
1 2 6 21 74 257 883 3019 10306 35174 120063 409878 1399367 4777721 16312213 55693546 
#2143 3124 1423
1 2 6 21 74 255 863 2891 9638 32068 106627 354480 1178459 3917863 13025489 43305654 
#2143 3124 1243
1 2 6 21 76 276 1001 3626 13126 47501 171876 621876 2250001 8140626 29453126 106562501 
#2143 4132 1324
1 2 6 21 75 265 927 3229 11253 39355 138362 489440 1742576 6244395 22516585 81673947 
#2143 4132 1234
1 2 6 21 71 220 646 1835 5095 13924 37627 100859 268756 713023 1885543 4974068 
#2143 1432 1324
1 2 6 21 77 289 1103 4261 16603 65100 256466 1014107 4021836 15988827 63691619 254145940 
#2143 1432 1234
1 2 6 21 72 246 845 2901 9955 34165 117254 402409 1381046 4739681 16266344 55825262 
#2143 1342 4123
1 2 6 21 72 237 761 2415 7626 24034 75689 238298 750179 2361533 7433917 23401274 
#2143 1342 1423
1 2 6 21 77 290 1118 4398 17595 71385 293042 1215035 5081259 21408350 90786332 387212538 
#2143 1324 4123
1 2 6 21 72 236 745 2286 6866 20285 59156 170712 488401 1387226 3916062 10996581 
#2143 1324 1423
1 2 6 21 77 287 1079 4082 15522 59280 227240 873886 3370030 13027730 50469890 195892565 
#2143 1324 1243
1 2 6 21 78 298 1157 4539 17936 71251 284188 1137076 4561093 18333337 73816489 297635750 
#2143 1324 1234
1 2 6 21 75 268 958 3425 12245 43778 156514 559565 2000543 7152292 25570698 91419729 
#2143 4123 1234
1 2 6 21 72 236 745 2286 6866 20285 59156 170712 488401 1387226 3916062 10996581 
#2143 1423 1234
1 2 6 21 74 259 905 3163 11058 38664 135193 472724 1652965 5779907 20210571 70670238 
#2143 1243 1234
1 2 6 21 77 286 1066 3977 14841 55386 206702 771421 2878981 10744502 40099026 149651601 
#2134 4312 1432
1 2 6 21 71 209 533 1205 2473 4696 8372 14169 22959 35855 54251 79865 
#2134 4312 1342
1 2 6 21 71 213 564 1340 2909 5860 11090 19911 34179 56447 90144 139782 
#2134 4312 1243
1 2 6 21 70 195 458 942 1752 3016 4886 7539 11178 16033 22362 30452 
#2134 3412 4132
1 2 6 21 71 220 630 1697 4365 10842 26216 62071 144519 331928 753834 1695933 
#2134 3412 1432
1 2 6 21 69 198 498 1121 2305 4402 7910 13509 22101 34854 53250 79137 
#2134 3412 1243
1 2 6 21 70 207 541 1272 2747 5552 10672 19783 35804 63965 113903 203810 
#2134 3142 1432
1 2 6 21 73 245 804 2617 8511 27709 90283 294231 958826 3124175 10178664 33160777 
#2134 3142 1423
1 2 6 21 76 274 978 3463 12201 42869 150415 527426 1848905 6480722 22715293 79617891 
#2134 3142 1243
1 2 6 21 74 257 883 3015 10258 34826 118075 399978 1354163 4582981 15506825 52460374 
#2134 3124 1432
1 2 6 21 73 241 768 2415 7587 23905 75507 238759 755088 2387570 7548085 23860518 
#2134 4132 1432
1 2 6 21 73 241 756 2276 6640 18915 52911 145951 398242 1077434 2895486 7740081 
#2134 4132 1342
1 2 6 21 73 241 759 2305 6806 19652 55725 155688 429719 1174344 3183298 8571979 
#2134 4132 1324
1 2 6 21 75 258 845 2649 8019 23630 68216 193861 544312 1514024 4180488 11476203 
#2134 4132 1423
1 2 6 21 73 244 782 2415 7232 21122 60455 170228 473014 1300271 3543000 9584730 
#2134 4132 1243
1 2 6 21 72 233 719 2146 6260 17968 50967 143278 399960 1110203 3067479 8442903 
#2134 4132 1234
1 2 6 21 73 238 724 2078 5706 15161 39319 100168 251846 627046 1549898 3810125 
#2134 1432 1324
1 2 6 21 76 275 991 3563 12800 45976 165141 593184 2130737 7653715 27492557 98754742 
#2134 1432 4123
1 2 6 21 71 219 635 1776 4853 13068 34862 92438 244118 642947 1690256 4437947 
#2134 1432 1423
1 2 6 21 75 267 950 3384 12065 43034 153524 547744 1954328 6973114 24880601 88776363 
#2134 1432 1243
1 2 6 21 73 250 853 2911 9938 33931 115849 395534 1350437 4610679 15741842 53746011 
#2134 1432 1234
1 2 6 21 73 250 861 2967 10220 35203 121263 417710 1438865 4956391 17073052 58810751 
#2134 1342 4123
1 2 6 21 74 254 858 2889 9775 33371 115135 401538 1414821 5032193 18049762 65227297 
#2134 1342 1423
1 2 6 21 77 290 1118 4398 17595 71385 293042 1215035 5081259 21408350 90786332 387212538 
#2134 1324 1243
1 2 6 21 78 298 1157 4539 17936 71251 284188 1137076 4561093 18333337 73816489 297635750 
#2134 4123 1243
1 2 6 21 74 255 866 2927 9923 33898 116940 407638 1435430 5102259 18290193 66060912 
#2134 1423 1243
1 2 6 21 76 278 1026 3818 14308 53932 204273 776859 2964716 11348261 43552751 167535302 
#2134 1243 1234
1 2 6 21 78 298 1157 4539 17936 71251 284188 1137076 4561093 18333337 73816489 297635750 
#4312 3412 3142
1 2 6 21 79 310 1251 5151 21536 91137 389510 1678565 7284975 31811311 139661231 616097345 
#4312 3412 4132
1 2 6 21 79 311 1265 5275 22431 96900 424068 1876143 8377299 37704042 170870106 779058843 
#4312 3412 1432
1 2 6 21 75 266 935 3263 11326 39155 134955 464094 1593231 5462447 18709694 64035275 
#4312 3412 1342
1 2 6 21 75 266 935 3263 11326 39155 134955 464094 1593231 5462447 18709694 64035275 
#4312 3412 1324
1 2 6 21 73 240 744 2192 6192 16896 44800 115968 294144 733184 1800192 4362240 
#4312 3412 4123
1 2 6 21 79 313 1290 5475 23764 105001 470738 2136022 9791501 45275765 210931962 989153896 
#4312 3412 1423
1 2 6 21 77 287 1080 4094 15611 59811 230048 887674 3434510 13319262 51756304 201467116 
#4312 3412 1243
1 2 6 21 73 239 734 2134 5934 15918 41470 105470 262910 644350 1556478 3713022 
#4312 3412 1234
1 2 6 21 73 229 634 1562 3481 7132 13622 24531 42033 69031 109306 167680 
#4312 3142 1432
1 2 6 21 75 266 935 3263 11326 39155 134955 464094 1593231 5462447 18709694 64035275 
#4312 3142 1342
1 2 6 21 75 266 935 3263 11326 39155 134955 464094 1593231 5462447 18709694 64035275 
#4312 3142 1324
1 2 6 21 73 241 754 2252 6471 18003 48736 128878 333949 850061 2130078 5263536 
#4312 3142 1423
1 2 6 21 76 275 991 3566 12848 46426 168390 613252 2242584 8233836 30347562 112259358 
#4312 3142 1243
1 2 6 21 73 239 734 2133 5924 15859 41202 104433 259312 632815 1521646 3612653 
#4312 3142 1234
1 2 6 21 71 208 526 1174 2370 4416 7714 12783 20277 31004 45946 66280 
#4312 3124 1432
1 2 6 21 73 239 740 2199 6348 17947 49954 137372 374164 1011303 2716439 7259970 
#4312 3124 1342
1 2 6 21 72 230 692 2004 5683 15948 44523 123924 344113 953353 2635064 7266192 
#4312 3124 1423
1 2 6 21 75 262 896 3033 10261 34906 119771 415012 1452361 5130997 18286959 65698315 
#4312 3124 1243
1 2 6 21 73 236 705 1970 5224 13307 32866 79251 187523 437030 1005935 2291536 
#4312 4132 1342
1 2 6 21 75 262 891 2964 9700 31374 100639 320949 1019396 3228687 10206180 32219494 
#4312 4132 1324
1 2 6 21 75 259 852 2669 7997 23043 64190 173677 458255 1183139 2997544 7470237 
#4312 4132 1234
1 2 6 21 73 222 563 1226 2376 4213 6972 10923 16371 23656 33153 45272 
#4312 1432 1342
1 2 6 21 75 262 890 2949 9575 30590 96486 301269 933171 2872102 8794946 26822901 
#4312 1432 1324
1 2 6 21 74 248 784 2355 6785 18897 51177 135358 350788 893038 2237998 5530485 
#4312 1432 1234
1 2 6 21 71 204 479 951 1687 2764 4269 6299 8961 12372 16659 21959 
#4312 1342 1324
1 2 6 21 73 238 724 2075 5667 14892 37942 94273 229453 548954 1294440 3014775 
#4312 1342 4123
1 2 6 21 73 242 772 2409 7439 22872 70204 215345 660375 2024866 6208416 19035179 
#4312 1342 1423
1 2 6 21 75 260 869 2817 8920 27745 85113 258256 776717 2319093 6882432 20321017 
#4312 1342 1243
1 2 6 21 73 234 691 1910 5019 12690 31147 74694 175843 407810 934179 2117958 
#4312 1342 1234
1 2 6 21 72 220 590 1409 3055 6118 11474 20373 34542 56304 88714 135713 
#4312 1324 4123
1 2 6 21 73 238 726 2101 5857 15926 42626 112997 297861 782666 2052958 5379953 
#4312 1324 1423
1 2 6 21 75 259 853 2684 8120 23782 67845 189493 520359 1409742 3778514 10042552 
#4312 1324 1243
1 2 6 21 73 233 677 1819 4606 11171 26274 60471 137059 307245 683171 1509595 
#4312 1324 1234
1 2 6 21 73 229 629 1521 3304 6578 12201 21353 35607 57007 88153 132293 
#4312 4123 1243
1 2 6 21 74 246 763 2227 6191 16567 43026 109110 271384 664236 1603813 3827381 
#4312 4123 1234
1 2 6 21 75 248 735 1952 4697 10378 21320 41163 75363 131808 221561 359742 
#4312 1423 1243
1 2 6 21 75 255 813 2443 6985 19175 50917 131555 332257 823263 2007005 4825051 
#4312 1423 1234
1 2 6 21 74 237 668 1667 3750 7743 14898 27033 46698 77369 123672 191639 
#4312 1243 1234
1 2 6 21 73 223 587 1356 2820 5395 9653 16355 26487 41299 62347 91538 
#3412 3142 4132
1 2 6 21 78 299 1172 4677 18947 77746 322545 1350906 5704822 24265651 103872254 447146683 
#3412 3142 1432
1 2 6 21 75 267 948 3363 11928 42306 150051 532203 1887627 6695070 23746197 84223446 
#3412 3142 1342
1 2 6 21 79 311 1265 5275 22431 96900 424068 1876143 8377299 37704042 170870106 779058843 
#3412 3142 1324
1 2 6 21 75 263 901 3024 9980 32489 104585 333549 1055497 3318014 10371474 32261565 
#3412 3142 4123
1 2 6 21 77 289 1107 4322 17162 69137 281917 1161404 4826652 20211146 85192214 361185371 
#3412 3142 1423
1 2 6 21 77 286 1068 4006 15093 57104 216875 826448 3158726 12104591 46494761 178964400 
#3412 3142 1243
1 2 6 21 75 263 901 3024 9980 32489 104585 333549 1055497 3318014 10371474 32261565 
#3412 3142 1234
1 2 6 21 73 238 724 2075 5667 14892 37942 94273 229453 548954 1294440 3014775 
#3412 3124 4132
1 2 6 21 75 268 961 3467 12591 46012 169088 624478 2316582 8627816 32247951 120920851 
#3412 3124 1432
1 2 6 21 71 222 652 1838 5053 13682 36697 97814 259585 686709 1812257 4773804 
#3412 3124 1342
1 2 6 21 74 254 856 2867 9614 32368 109432 371221 1262278 4298922 14655296 49991239 
#3412 3124 1423
1 2 6 21 75 262 894 3011 10120 34213 116864 404013 1413582 5000943 17866417 64375380 
#3412 3124 1243
1 2 6 21 73 238 722 2054 5541 14323 35788 87043 207201 484772 1118334 2550164 
#3412 4132 1432
1 2 6 21 75 266 935 3263 11326 39155 134955 464094 1593231 5462447 18709694 64035275 
#3412 4132 1342
1 2 6 21 75 266 935 3263 11326 39155 134955 464094 1593231 5462447 18709694 64035275 
#3412 4132 1324
1 2 6 21 73 239 740 2194 6298 17653 48621 132199 356040 952154 2533014 6712221 
#3412 4132 4123
1 2 6 21 78 301 1197 4875 20235 85294 364131 1571212 6841633 30025137 132668839 589726354 
#3412 4132 1423
1 2 6 21 75 266 939 3315 11737 41732 149104 535469 1932998 7013680 25574106 93689214 
#3412 4132 1243
1 2 6 21 73 240 748 2240 6525 18653 52640 147210 408957 1130398 3112172 8540753 
#3412 4132 1234
1 2 6 21 71 213 561 1317 2809 5536 10220 17865 29823 47867 74271 111897 
#3412 1432 1324
1 2 6 21 72 232 707 2066 5858 16257 44428 120076 321919 857942 2276454 6020541 
#3412 1432 4123
1 2 6 21 72 237 761 2415 7626 24034 75689 238298 750179 2361533 7433917 23401274 
#3412 1432 1423
1 2 6 21 75 267 948 3363 11928 42306 150051 532203 1887627 6695070 23746197 84223446 
#3412 1432 1243
1 2 6 21 72 232 707 2066 5858 16257 44428 120076 321919 857942 2276454 6020541 
#3412 1432 1234
1 2 6 21 69 198 498 1121 2305 4402 7910 13509 22101 34854 53250 79137 
#3412 1342 4123
1 2 6 21 75 262 893 2992 9925 32747 107743 353949 1161732 3810960 12497234 40973185 
#3412 1342 1423
1 2 6 21 76 275 991 3563 12800 45976 165141 593184 2130737 7653715 27492557 98754742 
#3412 1324 4123
1 2 6 21 73 238 721 2046 5501 14158 35172 84895 200133 462714 1052727 2363200 
#3412 1324 1423
1 2 6 21 75 261 879 2879 9232 29148 90995 281730 866917 2655218 8103324 24660429 
#3412 1324 1243
1 2 6 21 73 237 711 1988 5253 13301 32673 78669 187230 443398 1050209 2497187 
#3412 1324 1234
1 2 6 21 73 236 700 1919 4927 12006 28090 63705 141109 307088 659576 1402947 
#3412 4123 1423
1 2 6 21 77 285 1055 3905 14476 53812 200709 751206 2820944 10625962 40138957 152012381 
#3412 4123 1243
1 2 6 21 74 249 792 2394 6941 19479 53323 143275 379721 996456 2596798 6735913 
#3412 4123 1234
1 2 6 21 75 259 849 2638 7817 22275 61539 166007 439844 1150070 2978785 7665397 
#3412 1423 1243
1 2 6 21 75 262 889 2938 9500 30183 94559 292940 899443 2742038 8312058 25083465 
#3412 1423 1234
1 2 6 21 74 248 780 2309 6483 17407 45028 112921 275964 660030 1550320 3586449 
#3412 1243 1234
1 2 6 21 73 238 718 2013 5301 13266 31886 74269 168841 376750 828726 1802901 
#3142 3124 1432
1 2 6 21 75 263 904 3066 10324 34652 116179 389443 1305592 4377595 14679474 49227937 
#3142 3124 1342
1 2 6 21 77 286 1066 3977 14841 55386 206702 771421 2878981 10744502 40099026 149651601 
#3142 3124 1423
1 2 6 21 77 286 1067 3993 14992 56488 213600 810449 3084733 11774727 45061101 172844990 
#3142 3124 1243
1 2 6 21 76 274 978 3463 12201 42869 150415 527426 1848905 6480722 22715293 79617891 
#3142 4132 1432
1 2 6 21 78 298 1157 4539 17936 71251 284188 1137076 4561093 18333337 73816489 297635750 
#3142 4132 1342
1 2 6 21 78 298 1157 4539 17936 71251 284188 1137076 4561093 18333337 73816489 297635750 
#3142 4132 1324
1 2 6 21 77 285 1053 3875 14212 52021 190301 696532 2553047 9377034 34525630 127466481 
#3142 4132 1423
1 2 6 21 78 298 1157 4539 17936 71251 284188 1137076 4561093 18333337 73816489 297635750 
#3142 4132 1243
1 2 6 21 77 287 1079 4082 15522 59280 227240 873886 3370030 13027730 50469890 195892565 
#3142 4132 1234
1 2 6 21 73 240 746 2217 6371 17864 49202 133759 360175 963044 2561604 6787167 
#3142 1432 1342
1 2 6 21 79 311 1265 5275 22431 96900 424068 1876143 8377299 37704042 170870106 779058843 
#3142 1432 1324
1 2 6 21 76 277 1015 3743 13893 51874 194693 733983 2777748 10547615 40169157 153377405 
#3142 1432 4123
1 2 6 21 73 250 853 2911 9938 33931 115849 395534 1350437 4610679 15741842 53746011 
#3142 1432 1423
1 2 6 21 78 301 1197 4875 20235 85294 364131 1571212 6841633 30025137 132668839 589726354 
#3142 1432 1243
1 2 6 21 76 279 1043 3979 15464 61035 243956 985332 4015149 16486978 68152082 283379950 
#3142 1432 1234
1 2 6 21 71 229 726 2299 7296 23180 73648 233935 742924 2359143 7491146 23786672 
#3142 1342 1324
1 2 6 21 78 298 1157 4539 17936 71251 284188 1137076 4561093 18333337 73816489 297635750 
#3142 1342 4123
1 2 6 21 76 275 991 3563 12800 45976 165141 593184 2130737 7653715 27492557 98754742 
#3142 1342 1423
1 2 6 21 79 311 1265 5275 22431 96900 424068 1876143 8377299 37704042 170870106 779058843 
#3142 1342 1243
1 2 6 21 78 299 1172 4677 18947 77746 322545 1350906 5704822 24265651 103872254 447146683 
#3142 1342 1234
1 2 6 21 76 274 978 3463 12201 42869 150415 527426 1848905 6480722 22715293 79617891 
#3142 1324 4123
1 2 6 21 74 255 857 2815 9063 28677 89389 275034 836689 2520128 7524372 22291317 
#3142 1324 1423
1 2 6 21 77 286 1067 3993 14992 56488 213600 810449 3084733 11774727 45061101 172844990 
#3142 1324 1243
1 2 6 21 76 276 1002 3641 13261 48451 177651 653753 2414426 8947576 33266626 124062001 
#3142 1324 1234
1 2 6 21 75 265 925 3201 11017 37793 129393 442497 1512225 5165953 17643457 60250113 
#3142 4123 1423
1 2 6 21 77 287 1079 4082 15522 59280 227240 873886 3370030 13027730 50469890 195892565 
#3142 4123 1243
1 2 6 21 74 253 840 2728 8719 27541 86221 268047 828661 2550116 7818174 23893803 
#3142 4123 1234
1 2 6 21 74 251 817 2570 7872 23621 69746 203317 586561 1677746 4764474 13447701 
#3142 1423 1243
1 2 6 21 77 287 1082 4128 15945 62330 246328 982977 3956136 16041373 65473465 268790735 
#3142 1423 1234
1 2 6 21 75 264 918 3176 10978 37964 131362 454692 1574092 5449596 18867020 65319484 
#3142 1243 1234
1 2 6 21 75 265 925 3201 11017 37793 129393 442497 1512225 5165953 17643457 60250113 
#3124 4132 1432
1 2 6 21 75 261 877 2852 9020 27877 84533 252331 743389 2166062 6252642 17905365 
#3124 4132 1342
1 2 6 21 73 243 777 2408 7288 21661 63471 183877 527761 1503086 4252938 11966373 
#3124 4132 1324
1 2 6 21 76 271 938 3146 10252 32583 101368 309697 931708 2766374 8121630 23612985 
#3124 4132 1423
1 2 6 21 75 267 948 3367 11988 42842 153783 554624 2009904 7318260 26768537 98339812 
#3124 4132 1243
1 2 6 21 75 261 876 2839 8923 27329 81923 241257 700150 2007431 5698047 16039035 
#3124 4132 1234
1 2 6 21 74 247 769 2247 6238 16649 43132 109257 272073 668704 1626916 3926643 
#3124 1432 1342
1 2 6 21 74 257 881 2995 10132 34182 115143 387538 1303745 4384933 14746009 49585430 
#3124 1432 1324
1 2 6 21 76 274 978 3463 12201 42869 150415 527426 1848905 6480722 22715293 79617891 
#3124 1432 4123
1 2 6 21 73 245 795 2508 7732 23393 69687 204939 596215 1718714 4915914 13966077 
#3124 1432 1423
1 2 6 21 75 264 914 3127 10621 35932 121324 409301 1380417 4655382 15700590 52954137 
#3124 1432 1243
1 2 6 21 74 257 886 3050 10505 36206 124833 430474 1484526 5119597 17655746 60888801 
#3124 1432 1234
1 2 6 21 72 233 739 2343 7458 23801 76016 242777 775265 2475513 7904587 25240597 
#3124 1342 1324
1 2 6 21 78 298 1157 4539 17936 71251 284188 1137076 4561093 18333337 73816489 297635750 
#3124 1342 4123
1 2 6 21 75 265 926 3216 11152 38741 135126 473872 1672151 5939232 21234409 76406414 
#3124 1342 1423
1 2 6 21 76 276 1002 3641 13261 48451 177651 653753 2414426 8947576 33266626 124062001 
#3124 1342 1243
1 2 6 21 76 277 1016 3756 13994 52491 197987 750185 2853359 10888249 41666366 159841363 
#3124 1342 1234
1 2 6 21 76 278 1029 3859 14642 56067 216174 837832 3260369 12728853 49828647 195502526 
#3124 1324 1423
1 2 6 21 78 298 1157 4539 17936 71251 284188 1137076 4561093 18333337 73816489 297635750 
#3124 1324 1243
1 2 6 21 79 311 1265 5275 22431 96900 424068 1876143 8377299 37704042 170870106 779058843 
#3124 4123 1423
1 2 6 21 79 309 1237 5026 20626 85242 354080 1476368 6173634 25873744 108628550 456710589 
#3124 4123 1243
1 2 6 21 76 275 989 3541 12660 45316 162694 586506 2124192 7730537 28267633 103834509 
#3124 1423 1243
1 2 6 21 77 286 1067 3993 14992 56488 213600 810449 3084733 11774727 45061101 172844990 
#3124 1423 1234
1 2 6 21 76 277 1015 3743 13893 51874 194693 733983 2777748 10547615 40169157 153377405 
#3124 1243 1234
1 2 6 21 78 301 1197 4875 20235 85294 364131 1571212 6841633 30025137 132668839 589726354 
#4132 1432 1342
1 2 6 21 79 309 1237 5026 20626 85242 354080 1476368 6173634 25873744 108628550 456710589 
#4132 1432 1324
1 2 6 21 78 298 1157 4539 17936 71251 284188 1137076 4561093 18333337 73816489 297635750 
#4132 1432 1243
1 2 6 21 77 287 1079 4082 15522 59280 227240 873886 3370030 13027730 50469890 195892565 
#4132 1432 1234
1 2 6 21 73 241 756 2276 6640 18915 52911 145951 398242 1077434 2895486 7740081 
#4132 1342 1324
1 2 6 21 77 287 1079 4082 15522 59280 227240 873886 3370030 13027730 50469890 195892565 
#4132 1342 4123
1 2 6 21 75 265 929 3249 11362 39746 139060 486549 1702349 5956172 20839367 72912441 
#4132 1342 1423
1 2 6 21 77 288 1091 4172 16069 62240 242152 945536 3703095 14539109 57204767 225484743 
#4132 1342 1243
1 2 6 21 77 286 1067 3992 14976 56338 212517 803758 3047409 11580777 44103581 168294630 
#4132 1342 1234
1 2 6 21 74 249 798 2459 7351 21457 61434 173120 481461 1324409 3610321 9768290 
#4132 1324 4123
1 2 6 21 75 261 876 2840 8934 27399 82259 242599 704816 2021818 5737262 16130049 
#4132 1324 1423
1 2 6 21 77 285 1054 3889 14330 52800 194748 719602 2664989 9894443 36831886 137465657 
#4132 1324 1243
1 2 6 21 77 283 1032 3740 13522 48930 177564 646908 2367121 8699706 32108614 118975273 
#4132 1324 1234
1 2 6 21 75 258 842 2614 7787 22466 63273 175044 477897 1291997 3467411 9254394 
#4132 4123 1423
1 2 6 21 78 298 1157 4539 17936 71251 284188 1137076 4561093 18333337 73816489 297635750 
#4132 4123 1243
1 2 6 21 76 270 930 3114 10196 32820 104283 328048 1023854 3175395 9797833 30104416 
#4132 4123 1234
1 2 6 21 76 263 843 2501 6941 18245 45928 111721 264482 612707 1394929 3131269 
#4132 1423 1243
1 2 6 21 76 274 979 3479 12351 43951 157081 564409 2039465 7410650 27070098 99369477 
#4132 1423 1234
1 2 6 21 74 248 787 2389 7013 20079 56417 156250 427914 1161571 3130892 8391305 
#4132 1243 1234
1 2 6 21 75 256 826 2535 7474 21370 59718 164082 445266 1197326 3198035 8499466 
#1432 1342 4123
1 2 6 21 74 260 913 3206 11258 39533 138822 487480 1711809 6011098 21108254 74122629 
#1432 1342 1423
1 2 6 21 80 322 1347 5798 25512 114236 518848 2384538 11068567 51817118 244370806 1159883685 
#1432 1324 4123
1 2 6 21 73 245 795 2508 7732 23393 69687 204939 596215 1718714 4915914 13966077 
#1432 1324 1423
1 2 6 21 79 309 1237 5026 20626 85242 354080 1476368 6173634 25873744 108628550 456710589 
#1432 1324 1243
1 2 6 21 79 310 1251 5150 21517 90921 387595 1663936 7183750 31158310 135661904 592558096 
#1432 1324 1234
1 2 6 21 76 278 1019 3734 13678 50100 183514 672230 2462490 9020556 33043996 121046420 
#1432 4123 1423
1 2 6 21 77 286 1066 3977 14841 55386 206702 771421 2878981 10744502 40099026 149651601 
#1432 4123 1243
1 2 6 21 74 256 876 2987 10182 34726 118492 404441 1380670 4713644 16093028 54944551 
#1432 4123 1234
1 2 6 21 72 232 717 2157 6370 18557 53490 152868 433781 1223511 3433182 9590277 
#1432 1423 1243
1 2 6 21 79 311 1265 5275 22431 96900 424068 1876143 8377299 37704042 170870106 779058843 
#1432 1423 1234
1 2 6 21 76 277 1012 3702 13553 49642 181885 666542 2442922 8954133 32821408 120310377 
#1432 1243 1234
1 2 6 21 76 278 1021 3756 13827 50916 187512 690593 2543444 9367525 34500756 127067006 
#1342 1324 4123
1 2 6 21 75 265 926 3216 11152 38741 135126 473872 1672151 5939232 21234409 76406414 
#1342 1324 1423
1 2 6 21 79 310 1251 5151 21536 91137 389510 1678565 7284975 31811311 139661231 616097345 
#1342 4123 1423
1 2 6 21 78 298 1157 4539 17936 71251 284188 1137076 4561093 18333337 73816489 297635750 
#1342 4123 1243
1 2 6 21 76 275 993 3593 13068 47838 176277 653538 2436158 9124352 34315674 129523198 
#1342 4123 1234
1 2 6 21 76 275 991 3566 12850 46458 168686 615340 2255101 8301270 30684958 113860149 
#1342 1423 1243
1 2 6 21 79 310 1251 5151 21536 91137 389510 1678565 7284975 31811311 139661231 616097345 
#1342 1423 1234
1 2 6 21 79 310 1251 5151 21536 91137 389510 1678565 7284975 31811311 139661231 616097345 
#1324 4123 1423
1 2 6 21 78 297 1143 4419 17119 66386 257621 1000407 3887666 15119991 58856167 229312425 
#1324 4123 1243
1 2 6 21 76 275 989 3544 12696 45578 164194 593966 2158090 7875503 28862235 106203597 
#1324 4123 1234
1 2 6 21 77 284 1041 3789 13730 49679 179906 653083 2378702 8696754 31921462 117624497 
#1324 1423 1243
1 2 6 21 79 309 1237 5026 20626 85242 354080 1476368 6173634 25873744 108628550 456710589 
#1324 1423 1234
1 2 6 21 79 311 1265 5275 22431 96900 424068 1876143 8377299 37704042 170870106 779058843 
#1324 1243 1234
1 2 6 21 80 322 1346 5783 25372 113174 511649 2338988 10793251 50205607 235156609 1108120540 
#4123 1423 1243
1 2 6 21 79 311 1265 5275 22431 96900 424068 1876143 8377299 37704042 170870106 779058843 
#4123 1423 1234
1 2 6 21 78 297 1144 4433 17238 67184 262276 1025202 4011660 15712335 61590780 241610745 
#4123 1243 1234
1 2 6 21 78 294 1108 4165 15638 58762 221324 836330 3171916 12074924 46131496 176825773 
#1423 1243 1234
1 2 6 21 79 309 1237 5026 20626 85242 354080 1476368 6173634 25873744 108628550 456710589 
